title, views, likes, comments, num_shots, followers, dominant, other
Rolodex Dashboard, 8480, 594, 27, 218, 17906, 243 247 247, 125 171 181, 85 136 158, 235 85 68, 74 69 68
[GIF] Coin Marketing Site, 4931, 449, 31, 55, 3288, 37 37 42, 15 142 215, 246 249 252, 178 186 191, 94 96 102
Positionly iOS7, 2439, 168, 4, 107, 5277, 16 161 101, 32 34 34, 2 145 85, 245 247 246, 4 119 71
Candy Apple, 1220, 152, 14, 13, 425, 227 234 243, 245 248 251, 116 29 29, 208 221 235, 221 153 135
FB Badge, 840, 124, 18, 96, 4626, 206 202 192, 124 128 111, 181 178 156, 241 241 240, 52 44 49
Washi Tape, 1130, 103, 4, 266, 2150, 219 209 208, 110 94 90, 159 144 141, 208 197 197, 47 40 39
Frixion Clicker SV, 1000, 121, 14, 129, 3981, 251 252 253, 38 55 69, 156 169 178, 206 213 218, 93 111 124
5 Style Watches, 1387, 110, 8, 20, 890, 62 57 63, 97 93 100, 127 123 129, 79 75 81, 236 235 232
Interview // Dec 11, 773, 86, 8, 166, 3358, 44 58 95, 228 92 46, 44 55 71, 114 112 109, 207 183 131
Bureau Oberhaeuser Homepage Redesign, 1157, 88, 10, 64, 6345, 253 254 253, 184 165 183, 236 238 234, 111 156 47, 31 35 35
Gibbon.co launched today, 1097, 103, 8, 61, 3041, 252 252 252, 37 50 49, 133 167 159, 206 211 209, 95 110 101
Wired UK, 489, 69, 4, 62, 2317, 253 253 252, 29 189 198, 28 62 61, 173 200 183, 79 128 107
Santa, 521, 68, 10, 175, 2092, 249 248 229, 151 174 204, 186 36 63, 59 39 60, 212 198 58
Roadtrip, 380, 65, 6, 166, 3358, 252 240 224, 234 146 135, 138 55 58, 236 48 53, 55 37 42
Good design inspire, 645, 65, 5, 76, 2490, 19 55 67, 12 41 52, 38 80 97, 169 181 182, 12 199 186
Becoming a better designer, 1008, 73, 4, 61, 3041, 252 252 252, 92 107 103, 41 61 56, 64 198 184, 199 204 202
Santa, Batman, Waldo, 343, 53, 11, 1, 9, 253 253 253, 203 203 203, 237 237 237, 139 139 139, 74 74 74
Eagle? Yes deer?, 630, 56, 2, 76, 1608, 254 226 83, 253 245 195, 88 34 37, 170 181 50, 58 168 66
GIF - Pay / Charge, 341, 55, 9, 102, 9150, 39 50 61, 33 39 47, 57 68 81, 24 32 40, 108 147 170
Hot Pop - Friendship Show Vol. 3 "Toadstoolin'", 358, 46, 3, 132, 1134, 20 32 19, 37 81 45, 120 69 6, 187 75 1, 204 143 5
Santa Claus iOS Icon, 485, 45, 11, 61, 3107, 55 76 87, 190 180 168, 235 234 227, 156 125 103, 188 43 41
the heretics!, 476, 50, 6, 142, 1183, 240 247 238, 213 223 219, 189 201 202, 164 177 182, 52 54 67
Business Time, 165, 43, 5, 381, 2625, 247 242 235, 220 213 203, 202 192 167, 169 150 127, 84 90 106
Winter Adventures Map, 432, 46, 2, 43, 163, 106 200 200, 223 197 181, 156 107 84, 153 204 199, 252 243 234
Upcoming Project, 660, 41, 13, 3, 14, 91 60 118, 245 243 248, 85 54 112, 89 57 115, 147 115 176
DuRall Photo, 451, 44, 7, 76, 426, 32 29 30, 207 205 206, 92 77 68, 177 152 130, 145 120 101
Bird Love, 328, 43, 10, 1, 8, 254 254 253, 191 177 160, 237 178 108, 232 218 205, 169 109 71
nollie, 272, 38, 4, 348, 1064, 1 1 1, 181 181 181, 109 109 109, 244 244 244, 46 46 46
Let It Snow, 263, 38, 1, 131, 1389, 225 225 212, 80 56 62, 166 184 189, 223 214 211, 139 118 124
Ap6, 234, 39, 1, 26, 1247, 48 51 52, 223 223 223, 24 27 28, 105 106 106, 165 165 165
MB Staff, 896, 47, 3, 146, 4171, 252 252 252, 233 100 149, 228 232 234, 58 62 63, 83 151 186
Fast Company, 104, 34, 6, 155, 3797, 155 103 0, 108 76 2, 174 174 175, 247 155 0, 193 125 0
Shipface, 339, 41, 5, 8, 61, 154 152 152, 226 225 226, 60 53 54, 126 123 122, 187 185 186
Smalltown Dj's, 250, 37, 7, 1, 10, 234 234 229, 68 182 117, 160 222 196, 58 165 103, 77 80 75
Tis the Season, 341, 35, 1, 139, 398, 39 38 40, 59 56 57, 123 108 92, 240 239 239, 189 186 186
50 Handlettered Logotypes, 394, 37, 7, 22, 248, 214 214 214, 179 179 179, 41 41 41, 243 243 243, 136 136 136
Friends list, 784, 44, 1, 19, 1152, 77 116 134, 95 131 147, 48 79 98, 244 244 246, 193 195 195
Simon 80 - Five Second Project - "Favorite Toys", 293, 33, 5, 1, 9, 56 63 73, 67 75 86, 53 59 69, 48 55 63, 60 69 78
Vault29, 564, 37, 3, 225, 7425, 53 45 41, 140 130 128, 233 234 234, 18 15 13, 87 69 63
Finished Save the Date, 321, 32, 4, 41, 386, 199 222 212, 219 234 228, 218 168 160, 123 117 111, 242 247 245
Spices List, 463, 38, 1, 170, 6248, 211 204 183, 225 219 200, 152 130 100, 186 174 148, 250 249 247
Facebook Contact Cards, 504, 43, 2, 47, 445, 66 110 171, 222 200 149, 183 86 43, 247 247 247, 8 37 42
Beautiful Prayer App, 760, 28, 15, 1, 6, 7 1 21, 126 42 110, 82 14 74, 182 99 133, 41 8 51
Tent, 138, 29, 6, 272, 6773, 42 59 101, 29 39 68, 91 174 188, 10 8 9, 215 223 216
Notefile for Mac icon, revised, 379, 30, 6, 39, 709, 254 254 253, 171 149 93, 41 64 59, 125 109 64, 207 189 135
Rolodex Dashboard, 8483, 594, 27, 218, 17906, 243 247 247, 85 135 158, 74 68 68, 235 85 68, 124 171 180
[GIF] Coin Marketing Site, 4932, 449, 31, 55, 3288, 15 142 215, 246 249 252, 171 178 183, 46 46 51, 27 26 30
Positionly iOS7, 2439, 168, 4, 107, 5277, 16 161 101, 245 247 246, 32 34 34, 4 119 71, 2 145 85
Candy Apple, 1220, 152, 14, 13, 425, 227 234 243, 208 221 235, 245 248 251, 221 153 135, 116 29 29
FB Badge, 840, 124, 18, 96, 4626, 203 199 188, 50 41 47, 163 162 138, 99 103 93, 241 240 239
Washi Tape, 1131, 103, 4, 266, 2150, 219 209 208, 110 94 90, 47 40 39, 208 198 197, 160 145 142
Frixion Clicker SV, 1001, 121, 14, 129, 3981, 252 252 253, 169 181 188, 42 59 73, 213 219 224, 108 125 137
5 Style Watches, 1389, 110, 8, 20, 890, 62 58 64, 236 235 232, 80 76 82, 128 124 130, 99 95 102
Interview // Dec 11, 774, 86, 8, 166, 3358, 44 57 94, 228 92 46, 44 55 70, 207 182 131, 113 111 109
Bureau Oberhaeuser Homepage Redesign, 1160, 88, 10, 64, 6345, 253 253 253, 182 162 183, 34 39 40, 234 236 232, 117 166 39
Gibbon.co launched today, 1098, 103, 8, 61, 3041, 252 252 252, 36 50 49, 132 165 157, 205 209 207, 94 109 100
Wired UK, 489, 69, 4, 62, 2317, 253 253 252, 51 89 81, 22 39 34, 169 195 176, 45 165 164
Santa, 521, 68, 10, 175, 2092, 249 248 229, 212 198 58, 151 173 204, 58 38 60, 186 36 63
Roadtrip, 380, 65, 6, 166, 3358, 252 240 224, 141 55 59, 237 47 52, 234 145 134, 56 37 43
I scream, you scream, 478, 64, 6, 229, 4680, 212 222 191, 211 81 56, 88 72 69, 249 248 211, 132 123 112
Good design inspire, 645, 65, 5, 76, 2490, 19 55 67, 12 41 52, 169 181 182, 12 199 186, 38 80 97
Becoming a better designer, 1009, 73, 4, 61, 3041, 252 252 252, 41 61 56, 64 199 184, 199 204 202, 92 107 103
Eagle? Yes deer?, 630, 56, 2, 76, 1608, 250 222 70, 88 34 37, 253 234 131, 254 253 250, 129 174 58
GIF - Pay / Charge, 342, 55, 9, 102, 9150, 26 33 42, 110 151 174, 51 60 72, 64 77 92, 38 48 60
Hot Pop - Friendship Show Vol. 3 "Toadstoolin'", 359, 46, 3, 132, 1134, 20 32 19, 37 81 45, 187 75 1, 120 69 6, 204 143 5
Santa Claus iOS Icon, 486, 45, 11, 61, 3107, 55 76 87, 156 125 102, 188 178 167, 235 234 227, 187 44 41
Business Time, 165, 43, 5, 381, 2625, 247 242 235, 221 214 204, 202 192 167, 84 90 106, 169 150 127
the heretics!, 477, 50, 6, 142, 1183, 240 247 238, 189 201 201, 163 176 182, 51 54 67, 213 223 219
Winter Adventures Map, 432, 46, 2, 43, 163, 108 200 200, 234 134 104, 252 243 233, 188 212 204, 65 92 78
Upcoming Project, 660, 41, 13, 3, 14, 92 61 119, 245 243 248, 85 54 113, 147 115 175, 89 58 116
DuRall Photo, 451, 44, 7, 76, 426, 33 29 30, 104 87 75, 181 161 145, 209 208 210, 168 140 116
nollie, 272, 38, 4, 348, 1064, 1 1 1, 241 241 241, 167 167 167, 41 41 41, 97 97 97
Bird Love, 328, 43, 10, 1, 8, 254 253 253, 168 76 44, 238 178 108, 213 200 185, 173 140 102
Let It Snow, 263, 38, 1, 131, 1389, 225 225 212, 166 186 191, 80 56 62, 141 121 126, 223 214 211
Ap6, 234, 39, 1, 26, 1247, 48 51 53, 109 109 110, 225 225 225, 169 169 169, 24 27 28
MB Staff, 897, 47, 3, 146, 4171, 246 247 248, 58 154 203, 76 79 80, 48 52 53, 220 111 152
Fast Company, 104, 34, 6, 155, 3797, 156 104 0, 247 156 0, 174 174 175, 109 76 2, 194 125 0
Shipface, 339, 41, 5, 8, 61, 156 154 154, 61 54 55, 127 125 124, 227 227 227, 190 188 189
Friends list, 784, 44, 1, 19, 1152, 77 116 134, 95 131 147, 244 244 246, 48 79 98, 194 195 195
Tis the Season, 341, 35, 1, 139, 398, 40 38 41, 129 120 103, 62 57 58, 200 198 198, 243 242 242
50 Handlettered Logotypes, 394, 37, 7, 22, 248, 215 215 215, 41 41 41, 179 179 179, 244 244 244, 136 136 136
Simon 80 - Five Second Project - "Favorite Toys", 293, 33, 5, 1, 9, 56 63 73, 67 75 86, 48 55 63, 53 59 69, 60 69 78
Finished Save the Date, 321, 32, 4, 41, 386, 199 222 212, 218 234 227, 122 116 110, 216 168 159, 242 247 245
Vault29, 565, 37, 3, 225, 7425, 53 44 41, 233 234 234, 140 130 128, 18 14 13, 87 69 63
Spices List, 464, 38, 1, 170, 6248, 211 204 183, 226 219 200, 250 249 247, 187 175 149, 153 131 100
Facebook Contact Cards, 505, 43, 2, 47, 445, 66 110 171, 8 37 42, 247 247 247, 222 200 149, 183 86 43
Beautiful Prayer App, 760, 28, 15, 1, 6, 7 1 21, 82 14 74, 128 43 111, 185 103 134, 40 7 50
Tent, 139, 29, 6, 272, 6773, 42 59 101, 215 223 216, 10 8 9, 29 39 68, 91 174 188
Notefile for Mac icon, revised, 380, 30, 6, 39, 709, 254 254 253, 41 64 59, 125 109 64, 207 189 135, 171 149 93
Tent, 139, 29, 6, 272, 6773, 42 59 101, 29 39 68, 215 223 216, 91 174 188, 10 8 9
Startup homepage, 521, 36, 4, 75, 559, 248 249 249, 44 134 190, 69 175 212, 221 125 104, 64 64 66
Blob Monsters for iOS, 337, 29, 4, 89, 428, 239 193 79, 116 38 250, 128 30 92, 40 142 238, 245 75 178
Flickr Redesign , 280, 30, 6, 22, 110, 247 248 247, 181 120 38, 47 43 32, 202 202 190, 79 110 123
Unfinished Sympathy, 143, 29, 2, 45, 1282, 96 87 102, 128 147 148, 242 224 211, 207 179 159, 176 112 104
Q Laser - WIP, 212, 26, 2, 110, 1646, 5 14 31, 205 236 252, 44 143 196, 5 27 55, 11 61 106
I see you., 217, 29, 2, 148, 260, 251 251 251, 254 254 254, 207 182 178, 64 63 63, 240 225 222
Updated San Francisco Print, 213, 27, 6, 76, 129, 60 156 137, 186 33 36, 134 137 117, 36 53 55, 207 123 39
First gift, 187, 26, 4, 138, 3726, 243 243 242, 237 237 236, 94 93 93, 252 252 251, 176 176 176
Hotelnesia Homepage, 377, 25, 8, 1, 11, 245 245 244, 205 199 188, 75 44 25, 177 154 126, 147 97 62
Sam Effect.com, 100, 25, 5, 65, 769, 226 231 206, 205 208 184, 182 179 161, 132 115 125, 52 30 70
project boost santa card, 208, 26, 2, 151, 1154, 230 232 232, 116 125 145, 202 73 63, 74 64 68, 159 184 194
leatherhead, 112, 24, 4, 56, 601, 116 55 33, 76 56 36, 148 119 53, 223 209 166, 135 64 39
romantic, 124, 25, 5, 4, 14, 222 245 244, 153 223 239, 129 155 136, 191 237 241, 245 252 251
My Debut, 148, 24, 13, 1, 31, 211 208 205, 108 71 82, 181 170 171, 195 192 190, 241 238 239
Christmas Cards are in, 186, 22, 4, 52, 183, 52 50 57, 206 204 196, 93 74 64, 150 140 125, 80 88 102
Some money stuff, 158, 23, 1, 180, 535, 254 254 254, 126 156 118, 192 212 132, 164 198 132, 203 219 175
Flickr Redesign Photo Wiew, 182, 22, 2, 81, 5050, 243 243 242, 207 206 193, 38 33 31, 94 110 126, 182 104 28
Branding WIP, 103, 21, 3, 95, 2172, 39 44 49, 105 100 101, 154 147 143, 220 224 233, 57 63 71
The Franchise Builders Branding, 274, 22, 6, 3, 9, 248 248 248, 9 9 8, 96 95 86, 240 202 18, 236 228 177
Game controller, 123, 22, 2, 62, 553, 118 119 164, 95 97 138, 138 139 185, 51 52 62, 166 168 217
Crown RIP, 72, 20, 1, 58, 338, 238 238 238, 93 93 93, 19 19 19, 215 215 215, 240 240 240
White Rabbit, 110, 22, 5, 251, 2344, 236 235 236, 224 223 222, 243 243 243, 55 49 41, 189 173 149
Isometric Snowflake, 113, 20, 1, 83, 747, 205 123 124, 65 68 93, 115 222 185, 129 146 132, 192 230 216
Debut theme - release, 220, 21, 3, 152, 3910, 46 44 41, 225 73 51, 252 252 252, 62 149 233, 189 191 190
Lebedinsky Pathfinder, 99, 20, 1, 231, 817, 233 232 230, 46 40 41, 154 98 62, 134 68 23, 203 194 183
More Xmas Icons, 101, 20, 6, 18, 282, 43 61 79, 39 168 220, 243 244 243, 65 113 129, 161 160 95
Moofio Feed, revised, 713, 23, 3, 77, 3380, 224 223 222, 217 215 213, 248 249 250, 94 90 87, 158 167 162
God Sweat, 131, 18, 7, 1, 5, 39 35 62, 242 242 242, 78 68 93, 219 189 190, 29 25 48
Launch Haus, 155, 19, 4, 58, 1164, 50 46 49, 236 169 64, 174 173 174, 254 254 254, 123 104 79
School Supplies, 103, 18, 1, 15, 163, 254 224 224, 254 125 46, 254 170 71, 254 163 155, 224 100 36
Postx, 424, 23, 3, 27, 243, 253 253 253, 68 154 189, 41 173 231, 67 182 234, 194 206 213
Converse Rubber Tracks Live // Sketches, 103, 17, 1, 98, 667, 253 253 253, 227 227 227, 79 79 79, 188 188 188, 141 141 141
Pricing Table, 226, 19, 6, 6, 73, 248 249 250, 23 17 10, 228 172 73, 142 164 212, 59 61 62
Blob 4, 124, 17, 2, 89, 428, 230 252 88, 238 235 191, 212 96 123, 87 210 62, 61 197 185
Themeodo Web Interface, 454, 20, 3, 3, 14, 227 228 226, 30 159 128, 253 106 105, 30 32 32, 140 179 180
Mad Panda /Brandmark, 113, 20, 4, 18, 39, 237 236 238, 196 189 194, 164 155 162, 37 38 46, 219 215 218
Williams-Sonoma Thanksgiving, 119, 18, 3, 68, 482, 254 254 253, 141 124 100, 227 226 215, 68 54 45, 189 182 160
Red, 102, 19, 1, 56, 617, 253 42 71, 6 4 10, 247 104 151, 112 39 65, 250 236 236
Browser Mockup, 114, 16, 1, 155, 534, 248 248 246, 170 165 141, 225 225 226, 186 194 204, 81 101 128
samsung note 3 theme Romantic, 101, 15, 2, 4, 14, 220 166 193, 207 146 178, 168 114 125, 240 232 232, 245 213 146
Road Trip, 91, 15, 1, 3, 6, 20 21 19, 107 110 83, 75 60 38, 186 175 132, 164 21 25
Whale, 85, 17, 3, 26, 289, 235 110 99, 43 56 64, 198 186 187, 83 86 94, 242 242 241
Chessington World of Adventures Theme Park Map, 130, 16, 1, 17, 240, 95 106 46, 132 155 154, 121 153 49, 159 142 70, 216 203 97
Meadowlark Illustration, 87, 15, 2, 131, 1389, 60 191 180, 6 16 15, 38 95 90, 149 217 211, 244 251 250
Ye Olde Goldy, 87, 16, 6, 251, 2344, 11 11 11, 105 86 60, 8 8 8, 48 39 27, 1 1 2
Crater, 227, 16, 1, 28, 383, 79 73 89, 116 135 132, 171 101 102, 219 219 200, 163 185 168
Episode IV, 249, 18, 1, 21, 74, 197 193 189, 221 217 213, 178 148 126, 55 137 171, 99 166 190
Profile, 173, 17, 1, 27, 305, 133 183 208, 245 247 247, 29 29 30, 77 143 183, 83 88 96
Don't Kill Your Friends, 78, 14, 2, 1, 4, 94 116 82, 82 100 73, 51 58 48, 68 81 62, 33 33 32
Broad River Roasters, 77, 16, 7, 1, 5, 45 33 53, 170 154 152, 129 93 92, 239 239 239, 86 57 67
Fiesta, 77, 15, 0, 101, 528, 210 254 226, 0 6 0, 14 94 49, 221 251 214, 181 215 80
Detroit Ham And Corned Beef Co, 88, 14, 2, 375, 3852, 99 66 52, 226 51 27, 51 24 12, 162 137 115, 219 198 182
Golden Egg Timer, 210, 14, 2, 170, 3162, 237 227 209, 222 210 188, 231 178 63, 184 110 4, 206 147 49
Maxthon Brower, 171, 18, 7, 39, 556, 238 246 254, 57 151 242, 189 218 242, 242 248 254, 247 251 254
Train, 99, 14, 3, 73, 809, 47 58 78, 216 206 189, 22 23 27, 122 132 120, 206 37 37
Personal Logo, 77, 16, 5, 7, 14, 246 246 246, 211 211 211, 193 190 185, 230 230 229, 19 19 19
Freebie PSD: Free Awesome Flat Ui Kit, 2000, 25, 4, 33, 129, 44 34 33, 241 237 237, 98 29 28, 106 101 101, 236 81 81
Charlie's Angels portrait, 53, 13, 0, 42, 354, 240 88 83, 39 51 50, 237 232 230, 99 122 125, 239 114 99
Thanks :), 73, 13, 6, 2, 6, 182 86 118, 202 33 78, 239 122 161, 162 77 105, 213 97 135
Hospital Re-admissions, 184, 15, 4, 26, 337, 14 109 96, 151 125 41, 169 201 182, 72 165 157, 20 40 24
Caserolitas, 134, 15, 1, 59, 1879, 55 55 55, 118 115 114, 62 61 61, 247 246 245, 46 46 46
Udemy Landing, 261, 18, 3, 94, 1514, 44 44 53, 57 58 65, 248 246 242, 58 70 119, 157 146 139
Personal Identity (final), 112, 15, 2, 8, 53, 35 57 67, 44 68 78, 30 61 79, 239 241 241, 18 40 49
Hand Drawn Close-Up / Commissioned by Print Magazine, 350, 14, 2, 26, 337, 224 172 53, 192 211 172, 210 63 52, 39 37 22, 118 79 42
Kind Of Blue, 149, 16, 1, 26, 79, 39 12 44, 50 68 99, 42 91 117, 43 22 50, 47 48 76
New logo !, 98, 13, 3, 36, 48, 100 71 50, 233 227 224, 180 145 116, 66 30 36, 139 108 75
Wish You Were Here, 60, 16, 2, 47, 249, 0 0 0, 43 43 43, 96 96 96, 199 199 199, 149 149 149
Elmntry Logo, 92, 13, 1, 45, 898, 239 235 210, 222 212 185, 235 231 206, 121 194 194, 219 112 67
Bunddler Homepage, 147, 17, 5, 30, 290, 249 250 250, 134 206 226, 109 195 219, 75 156 171, 206 184 153
EL Passion 3.0, 120, 13, 3, 46, 562, 26 27 32, 244 244 245, 88 105 120, 211 221 220, 53 59 73
