L=30
i:Classifier_name=weka.classifiers.multilabel.BR
i:Classifier_ops=[-W, weka.classifiers.lazy.IBk, --, -K, 1, -W, 0, -A, weka.core.neighboursearch.LinearNNSearch -A "weka.core.EuclideanDistance -R first-last", , , , , ]
i:Classifier_info=
i:Dataset_name=colours
i:Threshold=0.6833108270959689
i:Type=ML
v:N_train=796.0
v:N_test=1.0
v:LCard_train=25.977386934673365
v:LCard_test=26.0
v:Build_time=0.354
v:Test_time=0.062
v:Total_time=0.416
[1, 1, 1, 1, 1, 1, 1, 1, 1, 1, 0, 1, 1, 1, 1, 1, 1, 1, 1, 1, 1, 1, 1, 0, 0, 1, 0, 1, 1, 1]:[0.9934280686346691, 0.9618907220375132, 0.9907999564182395, 0.994742124742884, 0.8015758768353037, 0.9999983491757434, 0.9119565899253497, 0.9658328903621577, 0.9802875075525209, 0.9356095998732166, 0.43626827875158064, 0.9526923292800095, 0.46386345702409215, 0.9658328903621577, 0.9658328903621577, 0.8593943455967563, 0.9185268704664238, 0.893559804410342, 0.9986842930675285, 0.9960561808510988, 0.8988160288432013, 0.9185268704664238, 0.9776593953360913, 0.417871493236573, 0.5650457773566342, 0.9934280686346691, 0.3758216977736984, 0.9881718442018098, 0.8567662333803268, 0.9724031709032319]
