L=31
i:Classifier_name=weka.classifiers.multilabel.BR
i:Classifier_ops=[-W, weka.classifiers.lazy.IBk, --, -K, 1, -W, 0, -A, weka.core.neighboursearch.LinearNNSearch -A "weka.core.EuclideanDistance -R first-last", , , , , ]
i:Classifier_info=
i:Dataset_name=colours
i:Threshold=0.9987357774968394
i:Type=ML
v:N_train=789.0
v:N_test=1.0
v:LCard_train=4.0367553865652726
v:LCard_test=0.0
v:Build_time=0.417
v:Test_time=0.062
v:Total_time=0.479
[0, 0, 0, 0, 0, 0, 0, 0, 0, 0, 0, 0, 0, 0, 0, 0, 0, 0, 0, 0, 0, 0, 0, 0, 0, 0, 0, 0, 0, 0, 0]:[0.0012642225031605561, 0.0012642225031605561, 0.9987357774968394, 0.9987357774968394, 0.0012642225031605561, 0.0012642225031605561, 0.0012642225031605561, 0.0012642225031605561, 0.0012642225031605561, 0.0012642225031605561, 0.0012642225031605561, 0.0012642225031605561, 0.0012642225031605561, 0.0012642225031605561, 0.0012642225031605561, 0.0012642225031605561, 0.0012642225031605561, 0.0012642225031605561, 0.9987357774968394, 0.0012642225031605561, 0.0012642225031605561, 0.0012642225031605561, 0.0012642225031605561, 0.0012642225031605561, 0.0012642225031605561, 0.0012642225031605561, 0.0012642225031605561, 0.0012642225031605561, 0.9987357774968394, 0.0012642225031605561, 0.0012642225031605561]
