L=29
i:Classifier_name=weka.classifiers.multilabel.BR
i:Classifier_ops=[-W, weka.classifiers.bayes.NaiveBayes, --, , , ]
i:Classifier_info=
i:Dataset_name=colours
i:Threshold=0.8174542948353879
i:Type=ML
v:N_train=789.0
v:N_test=1.0
v:LCard_train=3.4245880861850444
v:LCard_test=0.0
v:Build_time=0.26
v:Test_time=0.005
v:Total_time=0.265
[0, 0, 0, 0, 0, 0, 0, 0, 0, 0, 0, 0, 0, 0, 0, 0, 0, 0, 0, 0, 0, 0, 0, 0, 0, 0, 0, 0, 0]:[0.7162435409385897, 0.41080492835028365, 0.8552158626730209, 0.8552158626730209, 0.23520008064755432, 0.7729720796218716, 0.3457899477173628, 0.383852859243175, 0.36044636738564023, 0.22713242836729525, 0.2583337609969142, 0.6752791606660349, 0.3497683441277516, 0.3920508339864823, 0.25639339414551254, 0.21182444446405735, 0.5479355708515252, 0.7796927269977549, 0.23446306213261098, 0.4470954861617502, 0.5445474501153437, 0.17266291559867186, 0.7180084117789746, 0.15582250207922613, 0.40521138678556434, 0.1904166004601414, 0.7051754027259146, 0.6819564379598635, 0.43880310179982823]
